66666 2501   35 0001 2501 0 3 WUTIP                              20260324
2025061012 1 154 1143  998      15
2025061018 1 157 1142  998      15
2025061100 1 162 1139  998      15
2025061106 1 167 1124  998      15
2025061112 2 164 1114  995      18
2025061118 2 166 1109  990      20
2025061200 2 170 1103  990      20
2025061206 2 172 1099  990      20
2025061212 3 173 1096  985      25
2025061215 3 175 1093  985      25
2025061218 3 178 1091  982      28
2025061221 3 181 1088  982      28
2025061300 3 183 1086  982      28
2025061303 3 184 1085  980      30
2025061306 3 186 1083  980      30
2025061309 4 187 1083  975      33
2025061312 4 188 1084  975      33
2025061315 3 191 1087  980      30
2025061318 3 197 1088  980      30
2025061321 3 200 1089  980      30
2025061400 4 203 1091  975      33
2025061403 4 207 1095  975      33
2025061406 3 213 1099  985      28
2025061409 2 217 1102  988      23
2025061412 2 221 1105  990      20
2025061415 2 225 1107  992      18
2025061418 1 231 1114  995      15
2025061421 1 239 1118  995      15
2025061500 1 244 1124  995      15
2025061503 1 250 1131  995      15
2025061506 1 255 1141  995      15
2025061509 1 261 1152  995      15
2025061512 1 267 1168  998      13
2025061515 0 273 1185 1000      10
2025061518 0 282 1204 1000      10
66666 2502   22 0002 2502 0 6 SEPAT                              20260324
2025062106 1 210 1473 1005      13
2025062112 1 215 1468 1005      13
2025062118 1 218 1464 1005      13
2025062200 1 225 1462 1005      13
2025062206 1 228 1464 1005      13
2025062212 1 232 1460 1002      15
2025062218 1 239 1453 1002      15
2025062300 2 246 1447 1000      18
2025062306 2 258 1440 1000      18
2025062312 2 270 1430 1000      18
2025062318 2 284 1419 1000      18
2025062400 2 293 1410 1000      18
2025062406 2 300 1404 1000      18
2025062412 1 305 1401 1002      15
2025062418 1 313 1398 1002      15
2025062500 1 320 1395 1002      15
2025062506 1 328 1396 1005      13
2025062512 1 335 1397 1005      13
2025062518 1 345 1403 1005      13
2025062600 1 358 1414 1005      13
2025062606 1 371 1436 1005      13
2025062612 1 385 1453 1005      13
66666 0000   22 0003 0000 0 3 (nameless)                         20260324
2025062400 1 160 1168 1002      13
2025062406 1 159 1164 1002      13
2025062412 1 159 1160 1002      13
2025062418 1 162 1150 1002      13
2025062421 1 167 1143 1002      13
2025062500 1 173 1137 1002      13
2025062503 1 176 1134 1002      13
2025062506 1 178 1131 1002      13
2025062509 1 182 1127 1002      13
2025062512 1 186 1124 1002      13
2025062515 1 190 1119 1002      13
2025062518 1 194 1115 1002      13
2025062521 1 198 1110  998      15
2025062600 2 202 1107  994      23
2025062603 2 206 1104  995      20
2025062606 2 209 1102  996      18
2025062609 2 213 1100  996      18
2025062612 1 216 1098  998      13
2025062615 0 220 1094 1000      10
2025062618 0 225 1089 1000      10
2025062621 0 229 1086 1002      10
2025062700 0 236 1081 1002      10
66666 2503   30 0004 2503 0 6 MUN                                20260324
2025070100 1 212 1483 1005      13
2025070106 1 224 1481 1002      15
2025070112 1 231 1479 1002      15
2025070118 1 242 1476 1002      15
2025070200 1 251 1474 1002      15
2025070206 1 256 1468 1002      15
2025070212 2 261 1463  998      18
2025070218 2 266 1458  998      18
2025070300 2 268 1454  995      20
2025070306 2 276 1454  992      23
2025070312 2 284 1454  992      23
2025070318 2 290 1451  992      23
2025070400 2 296 1452  992      23
2025070406 2 301 1454  992      23
2025070412 3 306 1457  990      25
2025070418 3 309 1459  990      25
2025070500 3 311 1463  985      28
2025070506 3 310 1470  985      28
2025070512 3 313 1479  985      28
2025070518 3 317 1487  985      28
2025070600 3 322 1491  990      25
2025070606 3 326 1495  990      25
2025070612 2 334 1496  992      23
2025070618 2 339 1495  992      23
2025070700 2 347 1489  992      23
2025070706 2 357 1484  995      20
2025070712 2 367 1480  998      18
2025070718 1 381 1483 1002      15
2025070800 1 393 1491 1002      15
2025070806 1 409 1504 1005      13
66666 2504   54 0005 2504 0 3 DANAS                              20260324
2025070300 1 197 1225 1002      13
2025070306 1 199 1216 1002      13
2025070312 1 199 1207 1002      13
2025070318 1 198 1198 1002      13
2025070400 1 197 1189 1000      15
2025070406 1 198 1183 1000      15
2025070412 1 200 1177 1000      15
2025070418 2 201 1175  998      18
2025070500 2 202 1175  995      20
2025070506 3 205 1177  985      25
2025070512 3 207 1178  982      28
2025070518 3 210 1180  980      30
2025070521 4 213 1181  975      33
2025070600 4 216 1182  970      35
2025070603 4 218 1184  970      35
2025070606 4 221 1188  965      38
2025070609 5 225 1192  955      42
2025070612 5 229 1196  950      45
2025070615 5 233 1200  950      45
2025070618 4 240 1207  965      38
2025070621 4 251 1210  970      33
2025070700 3 257 1211  982      28
2025070703 3 261 1212  985      25
2025070706 2 265 1214  990      23
2025070709 2 267 1216  990      23
2025070712 2 270 1218  990      23
2025070715 2 273 1221  990      23
2025070718 2 276 1224  990      23
2025070721 2 279 1224  990      23
2025070800 2 280 1223  990      23
2025070803 2 280 1221  990      23
2025070806 2 280 1219  990      23
2025070809 2 279 1217  990      23
2025070812 2 278 1214  990      23
2025070815 2 278 1209  990      23
2025070818 2 274 1201  992      20
2025070821 2 271 1195  992      20
2025070900 2 269 1192  994      18
2025070903 1 268 1186  995      15
2025070906 1 265 1182  995      13
2025070909 1 262 1175  995      13
2025070912 1 259 1170  995      13
2025070915 0 257 1165  995      10
2025070918 0 250 1160  995      10
2025070921 0 246 1158  995      10
2025071000 0 242 1157  995      10
2025071003 0 239 1156  995      10
2025071006 0 236 1155  995      10
2025071009 0 232 1154  995      10
2025071012 0 229 1153  995      10
2025071015 0 228 1149  995      10
2025071018 0 228 1145  995      10
2025071021 0 227 1142  995      10
2025071100 0 225 1139  995      10
66666 2505   24 0006 2505 0 6 NARI                               20260324
2025071000 1 206 1425 1002      13
2025071006 1 218 1425 1002      13
2025071012 1 230 1420 1002      13
2025071018 1 242 1413 1002      13
2025071100 1 250 1404 1000      15
2025071106 1 250 1400 1000      15
2025071112 1 251 1400 1000      15
2025071118 1 252 1401 1000      15
2025071200 2 250 1405  998      18
2025071206 2 248 1414  998      18
2025071212 2 250 1418  998      18
2025071218 2 253 1421  998      18
2025071300 2 260 1425  995      20
2025071306 2 276 1431  995      20
2025071312 2 300 1430  992      23
2025071318 3 323 1420  990      25
2025071400 3 341 1422  990      25
2025071406 2 367 1426  992      23
2025071412 2 397 1427  995      20
2025071418 2 425 1434  995      20
2025071500 2 451 1454  998      18
2025071506 1 469 1481 1002      15
2025071512 9 481 1513 1005      13
2025071518 9 487 1570 1008      10
66666 0000   12 0007 0000 0 6 (nameless)                         20260324
2025071118 1 301 1232 1000      13
2025071200 1 305 1233 1000      13
2025071206 1 308 1228 1000      13
2025071212 1 304 1229 1000      13
2025071218 1 309 1236  998      15
2025071300 1 309 1247  998      15
2025071306 1 310 1259  998      15
2025071312 1 313 1275  996      15
2025071318 1 319 1297  994      15
2025071400 1 331 1312  992      15
2025071406 1 345 1327  990      15
2025071412 1 358 1346  992      13
66666 2506   34 0008 2506 0 3 WIPHA                              20260324
2025071606 1 139 1308 1002      13
2025071612 1 141 1296 1002      13
2025071618 1 143 1285 1000      15
2025071700 1 146 1272 1000      15
2025071706 1 152 1266 1000      15
2025071712 1 163 1257 1000      15
2025071718 2 172 1249  998      18
2025071800 2 178 1244  998      18
2025071806 2 185 1235  995      20
2025071812 2 192 1224  995      20
2025071818 2 197 1208  990      23
2025071900 3 201 1199  985      25
2025071906 3 205 1190  982      28
2025071909 3 209 1183  980      30
2025071912 3 212 1176  980      30
2025071915 4 215 1168  975      33
2025071918 4 216 1161  970      35
2025071921 4 216 1154  970      35
2025072000 4 216 1147  970      35
2025072003 4 217 1140  965      38
2025072006 4 218 1134  970      35
2025072009 4 217 1128  975      33
2025072012 3 216 1123  978      28
2025072015 3 216 1117  980      25
2025072018 2 216 1110  982      23
2025072021 2 215 1103  982      23
2025072100 2 212 1099  984      20
2025072106 3 210 1091  980      25
2025072112 3 210 1084  978      28
2025072118 3 209 1077  978      28
2025072200 3 206 1068  980      25
2025072206 2 202 1061  985      18
2025072212 1 197 1050  990      15
2025072218 1 194 1036  995      13
66666 2507   22 0009 2507 0 3 FRANCISCO                          20260324
2025072206 1 179 1324 1002      13
2025072212 1 190 1319 1000      15
2025072218 1 199 1312 1000      15
2025072300 2 207 1303  995      18
2025072306 2 218 1297  995      18
2025072312 2 225 1289  990      20
2025072318 2 231 1282  990      20
2025072400 2 241 1279  990      20
2025072406 2 248 1279  990      20
2025072412 2 258 1272  990      20
2025072418 2 264 1256  992      18
2025072500 2 266 1238  992      18
2025072506 2 266 1227  992      18
2025072512 1 264 1219  994      15
2025072515 1 264 1215  994      15
2025072518 1 264 1212  994      15
2025072521 1 265 1209  995      13
2025072600 1 266 1207  995      13
2025072603 1 266 1204  995      13
2025072606 0 265 1202  996      10
2025072609 0 264 1200  996      10
2025072612 0 263 1196  996      10
66666 2508   66 0010 2508 0 3 CO-MAY                             20260324
2025072206 1 196 1226 1000      13
2025072212 1 193 1217 1000      13
2025072218 1 190 1209 1000      13
2025072300 1 187 1201  998      15
2025072306 2 182 1196  992      18
2025072312 2 177 1189  990      20
2025072318 3 171 1182  985      25
2025072400 3 165 1184  980      28
2025072406 3 162 1188  980      28
2025072412 3 160 1193  978      30
2025072418 4 167 1201  975      33
2025072500 3 178 1205  978      30
2025072506 2 196 1213  985      23
2025072512 2 219 1232  990      20
2025072518 1 234 1248  995      15
2025072600 1 252 1257  995      15
2025072606 1 263 1263  998      13
2025072612 1 268 1266  998      13
2025072618 1 267 1273  998      13
2025072700 1 266 1277  998      13
2025072706 1 265 1282  995      15
2025072712 2 265 1286  990      18
2025072718 2 264 1283  990      18
2025072800 2 263 1280  990      18
2025072806 2 266 1282  990      18
2025072812 2 268 1267  990      18
2025072818 2 270 1256  990      18
2025072821 2 271 1252  990      18
2025072900 2 273 1248  990      18
2025072903 2 276 1244  990      18
2025072906 2 280 1241  985      20
2025072909 2 284 1237  985      20
2025072912 2 287 1234  985      20
2025072915 2 292 1231  980      23
2025072918 3 296 1228  978      25
2025072921 3 299 1223  975      28
2025073000 3 301 1222  978      25
2025073003 3 304 1221  978      25
2025073006 3 306 1219  978      25
2025073009 2 309 1216  980      23
2025073012 2 311 1210  982      20
2025073015 2 310 1206  984      20
2025073018 2 312 1203  985      18
2025073021 2 314 1200  985      18
2025073100 2 315 1198  988      18
2025073103 1 317 1195  990      15
2025073106 1 319 1191  990      15
2025073109 1 318 1187  990      15
2025073112 1 317 1185  992      13
2025073115 1 317 1182  992      13
2025073118 1 318 1179  992      13
2025073121 1 318 1178  992      13
2025080100 0 318 1177  995      10
2025080103 0 318 1175  995      10
2025080106 0 318 1174  995      10
2025080109 0 318 1173  995      10
2025080112 0 317 1173  995      10
2025080115 0 318 1174  996      10
2025080118 0 319 1175  996      10
2025080121 0 319 1180  996      10
2025080200 0 320 1185  996      10
2025080203 0 322 1188  996      10
2025080206 0 323 1191  996      10
2025080209 0 324 1193  996      10
2025080212 0 326 1194  996      10
2025080215 0 328 1195  998      10
66666 2509   54 0011 2509 0 6 KROSA                              20260324
2025072312 1 130 1445 1002      13
2025072318 1 135 1442 1002      13
2025072400 1 142 1439 1000      15
2025072406 2 151 1436  998      18
2025072412 2 158 1435  998      18
2025072418 2 165 1435  998      18
2025072500 2 169 1435  995      20
2025072506 2 173 1434  995      20
2025072512 2 174 1436  990      23
2025072518 2 175 1437  990      23
2025072600 3 177 1439  985      25
2025072606 3 180 1442  985      25
2025072612 3 185 1445  985      25
2025072618 3 195 1451  980      30
2025072700 4 206 1453  975      33
2025072706 4 215 1455  970      38
2025072712 4 230 1456  970      38
2025072718 4 242 1455  965      40
2025072800 4 258 1451  965      40
2025072806 4 268 1445  970      38
2025072812 4 273 1441  975      33
2025072818 3 278 1436  980      30
2025072900 3 282 1432  980      30
2025072906 3 285 1429  980      30
2025072912 3 286 1429  982      28
2025072918 3 287 1429  985      25
2025073000 2 288 1429  990      23
2025073006 2 290 1432  990      23
2025073012 2 293 1432  990      23
2025073018 2 296 1431  990      23
2025073100 2 300 1430  990      23
2025073106 2 306 1427  990      23
2025073112 3 311 1424  985      25
2025073118 3 317 1421  985      25
2025080100 3 325 1418  985      25
2025080106 3 338 1414  982      28
2025080112 3 345 1413  982      28
2025080118 3 352 1416  982      28
2025080200 3 364 1427  982      28
2025080206 3 375 1439  982      28
2025080212 3 384 1461  982      28
2025080218 3 390 1482  982      28
2025080300 3 398 1513  985      25
2025080306 3 406 1545  985      25
2025080312 2 413 1578  990      23
2025080318 2 420 1613  992      20
2025080400 2 426 1633  992      20
2025080406 9 434 1659  990      20
2025080412 9 436 1692  992      18
2025080418 9 437 1735  992      18
2025080500 9 442 1778  995      15
2025080506 9 447 1819  995      15
2025080512 9 452 1856  995      15
2025080518 9 464 1909  995      15
66666 2510   27 0012 2510 0 6 BAILU                              20260324
2025073112 1 254 1312 1000      15
2025073118 1 250 1317 1000      15
2025080100 1 250 1322 1000      15
2025080106 1 254 1339 1000      15
2025080112 1 259 1354 1000      15
2025080118 1 268 1365 1000      15
2025080200 1 273 1370 1000      15
2025080206 1 286 1381 1000      15
2025080212 2 303 1389  998      18
2025080218 2 317 1401  998      18
2025080300 2 331 1414  998      18
2025080306 2 345 1436  998      18
2025080312 2 357 1453  998      18
2025080318 2 367 1476  998      18
2025080400 2 371 1497  998      18
2025080406 2 374 1517  998      18
2025080412 2 376 1537  998      18
2025080418 2 379 1559  998      18
2025080500 2 381 1571  998      18
2025080506 2 387 1582  998      18
2025080512 1 392 1591 1000      15
2025080518 1 398 1604 1000      15
2025080600 1 402 1618 1000      15
2025080606 9 414 1640 1000      18
2025080612 9 426 1657 1000      18
2025080618 9 436 1678 1002      15
2025080700 9 445 1709 1002      15
66666 0000    9 0013 0000 0 6 (nameless)                         20260324
2025080512 1 272 1592 1006      13
2025080518 1 271 1581 1006      13
2025080600 1 278 1574 1006      13
2025080606 1 289 1573 1006      13
2025080612 1 299 1572 1006      13
2025080618 1 311 1569 1006      13
2025080700 1 329 1566 1006      13
2025080706 0 344 1564 1008      10
2025080712 0 358 1568 1008      10
66666 2511   48 0014 2511 0 3 PODUL                              20260324
2025080600 1 185 1487 1004      13
2025080606 1 183 1486 1004      13
2025080612 1 182 1485 1004      13
2025080618 1 181 1482 1004      13
2025080700 1 182 1479 1004      13
2025080706 1 186 1477 1002      15
2025080712 2 189 1470 1000      18
2025080718 2 194 1463 1000      18
2025080800 2 201 1457 1000      18
2025080806 2 205 1452 1000      18
2025080812 2 208 1444  995      20
2025080818 2 211 1435  990      23
2025080900 3 213 1428  985      25
2025080906 3 215 1421  985      25
2025080912 3 216 1410  982      28
2025080918 3 216 1400  980      30
2025081000 3 215 1386  980      30
2025081006 3 215 1373  980      30
2025081012 3 213 1360  982      28
2025081018 3 212 1349  982      28
2025081100 3 211 1334  982      28
2025081106 3 208 1322  982      28
2025081112 3 208 1309  982      28
2025081118 3 207 1293  980      30
2025081200 3 210 1280  980      30
2025081206 4 213 1266  975      33
2025081209 4 215 1258  970      35
2025081212 4 217 1250  965      38
2025081215 4 219 1240  960      40
2025081218 4 220 1233  960      40
2025081221 5 220 1226  955      42
2025081300 5 220 1220  955      42
2025081303 5 224 1213  955      42
2025081306 4 228 1206  965      38
2025081309 4 231 1199  970      35
2025081312 4 234 1190  975      33
2025081315 3 238 1180  980      30
2025081318 2 241 1169  995      20
2025081321 2 244 1159  995      20
2025081400 2 244 1150  998      18
2025081403 2 245 1142  998      18
2025081406 1 246 1137 1000      15
2025081409 1 247 1128 1000      15
2025081412 1 248 1120 1002      15
2025081415 1 249 1107 1002      15
2025081418 1 250 1096 1002      13
2025081421 0 254 1088 1002      10
2025081500 0 257 1078 1002      10
66666 0000   12 0015 0000 0 6 (nameless)                         20260324
2025081618 1 165 1113 1004      13
2025081700 1 171 1107 1004      13
2025081706 1 175 1101 1004      13
2025081712 1 179 1095 1004      13
2025081718 1 182 1088 1002      15
2025081800 1 187 1082 1002      15
2025081806 1 192 1079 1002      15
2025081812 1 200 1077 1002      15
2025081818 1 208 1076 1002      15
2025081900 1 214 1075 1002      15
2025081906 1 227 1072 1002      13
2025081912 0 237 1070 1002      10
66666 2512   24 0016 2512 0 6 LINGLING                           20260324
2025081706 1 222 1277 1005      13
2025081712 1 223 1272 1005      13
2025081718 1 224 1268 1005      13
2025081800 1 223 1269 1002      15
2025081806 1 228 1267 1002      15
2025081812 1 232 1266 1002      15
2025081818 1 244 1272 1002      15
2025081900 1 262 1276 1002      15
2025081906 1 272 1274 1002      15
2025081912 1 278 1271 1002      15
2025081918 1 285 1270 1002      15
2025082000 1 292 1274 1002      15
2025082006 1 304 1278 1002      15
2025082012 2 312 1280 1000      18
2025082018 2 318 1287  995      23
2025082100 2 320 1294  995      23
2025082106 2 316 1300  995      23
2025082112 1 316 1308 1002      15
2025082118 1 317 1314 1005      13
2025082200 1 321 1320 1005      13
2025082206 1 325 1325 1005      13
2025082212 0 325 1331 1008      10
2025082218 0 327 1339 1008      10
2025082300 0 332 1348 1008      10
66666 2513   23 0017 2513 0 6 KAJIKI                             20260324
2025082112 1 156 1243 1002      13
2025082118 1 158 1234 1002      13
2025082200 1 162 1226 1002      13
2025082206 1 166 1216 1002      13
2025082212 1 168 1197 1000      15
2025082218 2 170 1181  998      18
2025082300 2 172 1167  995      20
2025082306 2 175 1150  990      23
2025082312 3 175 1134  985      25
2025082318 3 174 1123  980      30
2025082400 4 172 1113  970      35
2025082406 5 174 1104  950      45
2025082412 6 179 1093  935      52
2025082418 5 181 1082  945      48
2025082500 5 183 1073  950      45
2025082506 5 184 1063  950      45
2025082512 4 184 1058  975      33
2025082518 2 187 1049  990      23
2025082600 2 190 1033  998      18
2025082606 1 191 1022 1000      15
2025082612 1 192 1007 1002      13
2025082618 0 195 1000 1004      10
2025082700 0 201  996 1004      10
66666 2514   14 0018 2514 0 6 NONGFA                             20260324
2025082800 1 147 1163 1002      13
2025082806 1 150 1159 1002      13
2025082812 1 155 1150 1002      13
2025082818 1 159 1141 1000      15
2025082900 2 162 1130  998      18
2025082906 2 165 1122  998      18
2025082912 2 173 1112  998      18
2025082918 2 176 1095  998      18
2025083000 2 178 1079  995      20
2025083006 2 179 1068  995      20
2025083012 1 181 1054 1000      15
2025083018 1 178 1031 1002      13
2025083100 0 172 1014 1004      10
2025083106 0 175 1001 1004      10
66666 2515   35 0019 2515 0 6 PEIPAH                             20260324
2025090200 1 191 1291 1002      15
2025090206 1 200 1310 1002      15
2025090212 1 215 1320 1002      15
2025090218 1 231 1330 1002      15
2025090300 1 241 1325 1002      15
2025090306 1 254 1315 1002      15
2025090312 1 271 1315 1002      15
2025090318 2 282 1310 1000      18
2025090400 2 297 1310 1000      18
2025090406 2 313 1315 1000      18
2025090412 2 327 1321 1000      18
2025090418 2 334 1330 1000      18
2025090500 2 339 1352  998      20
2025090506 2 349 1392  992      23
2025090512 2 359 1433  992      23
2025090518 2 361 1470  992      23
2025090600 9 360 1500  985      25
2025090606 9 354 1530  985      25
2025090612 9 350 1560  985      25
2025090618 9 348 1580  988      23
2025090700 9 349 1593  992      20
2025090706 9 350 1612  992      20
2025090712 9 355 1628  992      20
2025090718 9 358 1640 1000      18
2025090800 9 360 1657 1000      18
2025090806 9 364 1673 1000      18
2025090812 9 369 1687 1005      15
2025090818 9 377 1702 1008      15
2025090900 9 383 1714 1008      15
2025090906 9 388 1726 1010      13
2025090912 9 393 1742 1012      13
2025090918 9 400 1764 1012      13
2025091000 9 405 1787 1012      13
2025091006 9 406 1813 1012      13
2025091012 9 405 1842 1012      13
66666 2516   26 0020 2516 0 3 TAPAH                              20260324
2025090500 1 175 1201 1002      15
2025090506 1 175 1195 1002      15
2025090512 1 175 1188 1002      15
2025090518 1 176 1180 1002      15
2025090600 1 178 1174 1002      15
2025090606 1 180 1166 1002      15
2025090612 2 183 1157 1000      18
2025090618 2 185 1150 1000      18
2025090700 2 186 1146  990      23
2025090703 2 187 1143  990      23
2025090706 2 190 1140  990      23
2025090709 3 195 1138  985      25
2025090712 3 199 1136  985      25
2025090715 3 202 1134  982      28
2025090718 3 208 1132  980      30
2025090721 3 214 1128  980      30
2025090800 4 217 1126  975      33
2025090803 3 222 1124  980      30
2025090806 3 228 1119  990      25
2025090809 2 231 1114  995      20
2025090812 2 234 1110  998      18
2025090815 1 237 1108 1000      15
2025090818 1 240 1105 1000      15
2025090821 1 242 1102 1002      13
2025090900 0 246 1099 1004      10
2025090903 0 249 1096 1004      10
66666 2517   23 0021 2517 0 3 MITAG                              20260324
2025091606 1 153 1237 1004      13
2025091612 1 157 1229 1002      15
2025091618 1 160 1223 1002      15
2025091700 1 167 1215 1002      15
2025091706 1 176 1210 1002      15
2025091712 1 182 1201 1002      15
2025091718 1 191 1192 1002      15
2025091800 1 196 1186 1002      15
2025091806 2 199 1182 1000      18
2025091809 2 202 1176 1000      18
2025091812 2 205 1173  995      20
2025091815 2 207 1169  995      20
2025091818 2 211 1165  995      20
2025091821 2 217 1161  995      20
2025091900 2 222 1158  992      23
2025091903 3 224 1157  990      25
2025091906 3 226 1155  990      25
2025091909 2 229 1152  995      20
2025091912 2 231 1149  998      18
2025091915 1 232 1146 1000      15
2025091918 1 232 1144 1000      15
2025091921 1 232 1142 1002      13
2025092000 0 232 1140 1004      10
66666 2518   44 0022 2518 0 3 RAGASA                             20260324
2025091700 1 133 1370 1002      13
2025091706 1 140 1358 1002      13
2025091712 1 145 1348 1002      13
2025091718 1 147 1343 1002      13
2025091800 1 151 1339 1002      13
2025091806 1 155 1335 1000      15
2025091812 2 158 1332  998      18
2025091818 2 162 1324  998      18
2025091900 2 160 1313  995      20
2025091906 2 161 1307  995      20
2025091912 3 162 1303  985      25
2025091918 3 163 1300  980      30
2025092000 4 164 1296  975      33
2025092006 4 168 1290  965      38
2025092012 5 173 1286  955      42
2025092018 5 178 1278  945      48
2025092100 6 179 1270  930      55
2025092106 6 184 1263  910      62
2025092112 6 188 1254  900      68
2025092118 6 192 1242  900      68
2025092200 6 193 1230  900      68
2025092206 6 194 1218  900      68
2025092212 6 195 1206  910      62
2025092218 6 196 1193  920      58
2025092300 6 199 1183  920      58
2025092306 6 203 1172  920      58
2025092309 6 206 1167  920      58
2025092312 6 208 1161  925      55
2025092315 6 210 1155  925      55
2025092318 6 211 1149  925      55
2025092321 6 211 1143  925      55
2025092400 6 212 1138  925      55
2025092403 6 214 1133  935      52
2025092406 5 216 1126  945      45
2025092409 4 217 1119  950      40
2025092412 3 216 1112  975      30
2025092415 3 215 1105  985      25
2025092418 2 214 1098  988      23
2025092421 2 215 1094  990      20
2025092500 2 214 1090  995      18
2025092503 1 219 1085 1000      15
2025092506 1 221 1077 1000      13
2025092509 1 221 1072 1000      13
2025092512 0 219 1068 1004      10
66666 2519   55 0023 2519 0 6 NEOGURI                            20260324
2025091712 1 224 1660 1005      13
2025091718 1 228 1655 1005      13
2025091800 1 231 1649 1005      13
2025091806 1 233 1640 1002      15
2025091812 2 235 1630  998      18
2025091818 2 236 1623  995      20
2025091900 2 238 1613  995      20
2025091906 3 241 1603  990      25
2025091912 3 247 1591  985      28
2025091918 4 251 1581  975      33
2025092000 4 254 1568  970      35
2025092006 5 259 1560  955      42
2025092012 5 263 1550  945      48
2025092018 6 268 1538  930      58
2025092100 6 273 1527  930      58
2025092106 6 278 1518  930      58
2025092112 6 285 1513  935      52
2025092118 5 293 1509  940      50
2025092200 5 297 1510  940      50
2025092206 5 302 1517  945      48
2025092212 5 304 1523  955      42
2025092218 4 304 1528  965      38
2025092300 4 305 1532  965      38
2025092306 4 306 1534  975      33
2025092312 4 306 1536  975      33
2025092318 4 305 1539  975      33
2025092400 4 304 1545  975      33
2025092406 3 306 1554  985      28
2025092412 3 312 1566  985      28
2025092418 3 323 1574  985      28
2025092500 3 330 1571  985      28
2025092506 3 329 1560  985      28
2025092512 3 324 1549  985      28
2025092518 3 320 1540  985      28
2025092600 3 318 1538  985      28
2025092606 3 321 1536  985      28
2025092612 3 319 1539  985      28
2025092618 3 317 1543  985      28
2025092700 3 315 1555  980      30
2025092706 3 318 1571  980      30
2025092712 4 323 1586  975      33
2025092718 4 332 1604  965      38
2025092800 5 343 1624  945      48
2025092806 5 358 1647  940      50
2025092812 5 380 1674  950      45
2025092818 5 404 1698  955      42
2025092900 4 423 1722  970      35
2025092906 3 439 1757  980      30
2025092912 9 443 1779  985      28
2025092918 9 445 1811  990      23
2025093000 9 446 1844  998      18
2025093006 9 448 1895 1000      15
2025093012 9 452 1932 1000      15
2025093018 9 452 1945 1002      13
2025100100 9 450 1960 1005      10
66666 2520   31 0024 2520 0 6 BUALOI                             20260324
2025092300 1 107 1361 1005      13
2025092306 1 101 1354 1002      15
2025092312 1  98 1345 1002      15
2025092318 2  96 1337  998      18
2025092400 2  98 1328  995      20
2025092406 2 100 1319  992      23
2025092412 3 103 1311  990      25
2025092418 3 107 1300  985      28
2025092500 3 110 1290  980      30
2025092506 4 112 1280  975      33
2025092512 4 116 1268  975      33
2025092518 3 121 1248  980      30
2025092600 3 123 1227  980      30
2025092606 3 128 1210  980      30
2025092612 3 132 1192  980      30
2025092618 4 138 1174  975      33
2025092700 4 146 1156  975      33
2025092706 4 152 1138  975      33
2025092712 4 157 1122  975      33
2025092718 4 160 1107  975      33
2025092800 4 165 1094  970      35
2025092806 4 171 1081  970      35
2025092812 4 177 1071  970      35
2025092818 4 182 1062  970      35
2025092900 3 187 1051  985      28
2025092906 2 198 1033  995      20
2025092912 2 206 1016  998      18
2025092918 1 211 1005 1002      13
2025093000 1 220  993 1002      13
2025093006 1 231  983 1002      13
2025093012 0 243  978 1004      10
66666 2521   31 0025 2521 0 3 MATMO                              20260324
2025100100 1 142 1312 1004      13
2025100106 1 145 1304 1002      15
2025100112 1 147 1296 1002      15
2025100118 1 149 1284 1002      15
2025100200 2 150 1273  998      18
2025100206 2 152 1263  995      20
2025100212 2 156 1251  990      23
2025100218 3 159 1239  988      25
2025100300 3 164 1226  985      28
2025100306 3 168 1211  985      28
2025100312 3 174 1194  985      28
2025100318 3 177 1180  982      30
2025100400 3 181 1165  982      30
2025100406 4 183 1153  980      33
2025100409 4 185 1147  978      35
2025100412 4 189 1141  975      38
2025100415 4 192 1135  975      38
2025100418 4 196 1128  970      40
2025100421 5 198 1123  965      42
2025100500 5 201 1117  965      42
2025100503 5 205 1111  965      42
2025100506 5 207 1105  965      42
2025100509 4 209 1100  970      40
2025100512 4 212 1094  975      38
2025100515 4 214 1090  980      33
2025100518 3 218 1083  985      25
2025100521 2 218 1077  990      20
2025100600 2 218 1074  995      18
2025100603 1 219 1071  998      15
2025100606 1 221 1067 1000      13
2025100612 0 227 1061 1002      10
66666 2522   31 0026 2522 0 6 HALONG                             20260324
2025100400 1 236 1434 1002      15
2025100406 1 244 1438 1002      15
2025100412 1 246 1436 1002      15
2025100418 2 248 1429 1000      18
2025100500 2 248 1426 1000      18
2025100506 2 249 1424 1000      18
2025100512 2 251 1423  992      23
2025100518 3 253 1417  990      25
2025100600 3 254 1413  985      28
2025100606 3 257 1408  980      30
2025100612 4 261 1401  975      33
2025100618 4 265 1392  965      38
2025100700 5 268 1387  955      42
2025100706 5 276 1380  950      45
2025100712 6 281 1373  940      52
2025100718 6 288 1369  935      55
2025100800 6 295 1370  935      55
2025100806 6 305 1377  935      55
2025100812 6 313 1385  935      55
2025100818 6 324 1394  940      52
2025100900 5 329 1410  945      50
2025100906 5 336 1436  950      45
2025100912 5 340 1469  950      45
2025100918 4 342 1500  970      38
2025101000 4 345 1550  970      38
2025101006 3 347 1590  980      30
2025101012 9 348 1629  982      30
2025101018 9 359 1675  985      25
2025101100 9 380 1719  985      25
2025101106 9 416 1772  980      25
2025101112 9 452 1822  985      23
66666 2523   36 0027 2523 0 6 NAKRI                              20260324
2025100712 1 160 1409 1005      13
2025100718 1 170 1395 1002      15
2025100800 1 180 1385 1002      15
2025100806 2 191 1382 1000      18
2025100812 2 205 1373 1000      18
2025100818 2 217 1363 1000      18
2025100900 2 229 1357 1000      18
2025100906 2 240 1348 1000      18
2025100912 2 247 1343 1000      18
2025100918 2 257 1336 1000      18
2025101000 2 268 1327 1000      18
2025101006 2 271 1316 1000      18
2025101012 2 269 1309 1000      18
2025101018 2 266 1303  995      23
2025101100 2 272 1303  995      23
2025101106 2 278 1310  995      23
2025101112 2 287 1313  995      23
2025101118 3 294 1323  990      25
2025101200 3 300 1337  985      30
2025101206 3 310 1351  985      30
2025101212 3 316 1365  985      30
2025101218 4 323 1384  980      33
2025101300 4 330 1403  975      35
2025101306 4 336 1427  975      35
2025101312 4 340 1453  975      35
2025101318 4 343 1480  980      33
2025101400 4 346 1514  980      33
2025101406 4 350 1547  980      33
2025101412 3 356 1580  985      30
2025101418 3 358 1613  990      28
2025101500 9 358 1644  995      23
2025101506 9 358 1682 1002      18
2025101512 9 360 1718 1005      15
2025101518 9 369 1752 1008      13
2025101600 9 376 1782 1008      13
2025101606 9 389 1823 1008      13
66666 2524   27 0028 2524 0 6 FENGSHEN                           20260324
2025101618 1 137 1326 1002      13
2025101700 1 137 1315 1002      13
2025101706 1 135 1302 1002      13
2025101712 1 132 1288 1000      15
2025101718 2 129 1272  998      18
2025101800 2 129 1261  998      18
2025101806 2 130 1249  998      18
2025101812 2 135 1235  998      18
2025101818 2 139 1225  995      20
2025101900 2 142 1214  995      20
2025101906 2 150 1199  995      20
2025101912 2 160 1190  990      23
2025101918 2 172 1177  990      23
2025102000 2 180 1167  990      23
2025102006 2 184 1156  990      23
2025102012 3 185 1143  985      25
2025102018 3 181 1132  985      25
2025102100 3 180 1128  985      25
2025102106 3 178 1123  982      28
2025102112 4 176 1118  975      33
2025102118 4 175 1114  975      33
2025102200 4 175 1110  975      33
2025102206 3 173 1102  980      30
2025102212 2 167 1096  990      23
2025102218 2 162 1090  998      18
2025102300 1 161 1085 1000      15
2025102306 1 158 1082 1005      13
66666 2525   29 0029 2525 0 6 KALMAEGI                           20260324
2025103112 1  80 1403 1005      13
2025103118 1  85 1397 1005      13
2025110100 1  90 1390 1002      15
2025110106 1  97 1381 1002      15
2025110112 2 103 1371  998      18
2025110118 2 106 1359  995      20
2025110200 2 109 1349  990      23
2025110206 3 111 1334  988      25
2025110212 3 111 1317  985      28
2025110218 3 108 1300  980      30
2025110300 4 105 1288  975      33
2025110306 4 104 1277  965      38
2025110312 5 106 1262  955      42
2025110318 4 106 1244  960      40
2025110400 4 108 1230  965      38
2025110406 4 104 1220  965      38
2025110412 4 108 1208  965      38
2025110418 4 110 1198  965      38
2025110500 4 114 1191  960      40
2025110506 5 119 1175  955      42
2025110512 5 125 1161  955      42
2025110518 5 132 1143  945      50
2025110600 6 131 1122  940      52
2025110606 6 133 1106  940      52
2025110612 5 137 1091  955      42
2025110618 3 141 1080  985      28
2025110700 2 144 1068 1000      18
2025110706 1 147 1055 1004      15
2025110712 0 152 1042 1008      10
66666 2526   39 0030 2526 0 3 FUNG-WONG                          20260324
2025110500 1  82 1432 1000      15
2025110506 1  87 1427 1000      15
2025110512 1  91 1417 1000      15
2025110518 2  95 1413  998      18
2025110600 2 100 1408  995      20
2025110606 2 101 1402  995      20
2025110612 2 104 1394  990      23
2025110618 3 108 1388  985      25
2025110700 3 114 1381  982      28
2025110706 3 118 1366  980      30
2025110712 4 120 1354  975      33
2025110718 4 121 1343  970      35
2025110800 4 126 1323  965      38
2025110806 5 130 1307  955      42
2025110812 5 133 1283  945      48
2025110818 6 138 1264  935      52
2025110900 6 143 1248  935      52
2025110906 6 149 1233  935      52
2025110912 5 159 1219  945      48
2025110918 5 166 1200  955      42
2025111000 4 171 1192  965      38
2025111006 4 176 1188  970      35
2025111012 4 182 1185  970      35
2025111018 4 190 1183  970      35
2025111100 4 195 1182  975      33
2025111106 3 202 1185  980      30
2025111112 3 207 1188  982      28
2025111115 3 209 1189  985      25
2025111118 3 212 1189  985      25
2025111121 3 214 1190  985      25
2025111200 2 215 1192  990      23
2025111203 2 217 1195  990      23
2025111206 2 218 1199  990      23
2025111209 2 220 1203  990      23
2025111212 2 221 1208  995      20
2025111218 2 231 1218  998      18
2025111300 2 248 1230  998      18
2025111306 9 254 1248  998      18
2025111312 9 258 1269 1000      15
66666 2527   40 0031 2527 0 6 KOTO                               20260324
2025112318 1  86 1287 1002      13
2025112400 1  90 1271 1000      15
2025112406 1  94 1264 1000      15
2025112412 1  96 1253 1000      15
2025112418 1 100 1240 1000      15
2025112500 1 103 1224 1000      15
2025112506 1 107 1211 1000      15
2025112512 2 114 1202  998      18
2025112518 2 118 1192  992      23
2025112600 3 122 1176  990      25
2025112606 3 121 1165  985      28
2025112612 3 125 1154  980      30
2025112618 4 130 1148  975      33
2025112700 4 132 1141  970      35
2025112706 4 131 1136  970      35
2025112712 4 127 1135  975      33
2025112718 3 124 1133  980      30
2025112800 3 124 1130  985      28
2025112806 3 125 1127  990      25
2025112812 3 127 1125  990      25
2025112818 3 130 1123  990      25
2025112900 3 132 1122  990      25
2025112906 2 133 1120  992      23
2025112912 2 134 1121  992      23
2025112918 3 138 1122  990      25
2025113000 3 140 1123  990      25
2025113006 3 142 1123  990      25
2025113012 2 143 1122  995      20
2025113018 2 145 1120  995      20
2025120100 2 147 1116  998      18
2025120106 1 147 1115 1000      15
2025120112 1 145 1115 1000      15
2025120118 1 144 1113 1000      15
2025120200 1 142 1115 1002      13
2025120206 1 141 1117 1002      13
2025120212 1 139 1117 1002      13
2025120218 1 137 1111 1002      13
2025120300 1 132 1105 1002      13
2025120306 0 130 1097 1005      10
2025120312 0 125 1087 1005      10
66666 0000   20 0032 0000 0 6 (nameless)                         20260324
2025112512 1  51  989 1008      13
2025112518 1  51  984 1006      15
2025112600 2  50  980 1002      18
2025112606 2  47  978 1002      18
2025112612 1  41  983 1006      15
2025112618 1  37  992 1006      15
2025112700 1  36  999 1006      15
2025112706 1  36 1004 1006      15
2025112712 1  36 1011 1006      15
2025112718 1  36 1018 1008      13
2025112800 1  36 1030 1008      13
2025112806 1  39 1038 1006      15
2025112812 1  42 1043 1006      15
2025112818 1  44 1051 1006      15
2025112900 1  46 1061 1006      15
2025112906 1  49 1068 1006      15
2025112912 1  53 1076 1008      13
2025112918 1  58 1084 1008      13
2025113000 1  65 1089 1008      13
2025113006 1  74 1093 1008      13